1	0	5.38E-12	5.28E-09	1.47E-10	7.14E-11	2.64E-11	2.08E-08	1.05E-07	5.58E-08
2	6.189	5.28E-12	5.27E-09	1.58E-10	6.63E-11	2.42E-11	2.10E-08	1.06E-07	5.63E-08
3	12.137	5.27E-12	5.23E-09	1.44E-10	6.28E-11	2.13E-11	2.09E-08	1.05E-07	5.58E-08
4	18.146	5.27E-12	5.21E-09	1.37E-10	6.53E-11	1.74E-11	2.10E-08	1.05E-07	5.56E-08
5	24.025	5.27E-12	5.24E-09	1.37E-10	6.30E-11	2.37E-11	2.09E-08	1.05E-07	5.61E-08
6	29.973	5.26E-12	5.21E-09	1.39E-10	6.59E-11	2.19E-11	2.10E-08	1.05E-07	5.62E-08
7	36.102	5.26E-12	5.21E-09	1.42E-10	6.61E-11	2.08E-11	2.10E-08	1.05E-07	5.58E-08
8	42.06	5.25E-12	5.17E-09	1.50E-10	5.90E-11	1.99E-11	2.08E-08	1.05E-07	5.57E-08
9	48.079	5.27E-12	5.15E-09	1.38E-10	6.01E-11	2.35E-11	2.08E-08	1.04E-07	5.56E-08
10	53.988	5.26E-12	5.19E-09	1.42E-10	6.06E-11	1.61E-11	2.07E-08	1.04E-07	5.54E-08
11	59.996	5.26E-12	5.19E-09	1.40E-10	5.19E-11	1.97E-11	2.07E-08	1.04E-07	5.51E-08
12	66.035	5.26E-12	5.17E-09	1.33E-10	5.20E-11	2.36E-11	2.08E-08	1.04E-07	5.53E-08
13	72.054	5.26E-12	5.17E-09	1.35E-10	5.65E-11	1.81E-11	2.08E-08	1.04E-07	5.51E-08
14	78.012	5.26E-12	5.17E-09	1.35E-10	5.41E-11	1.60E-11	2.08E-08	1.04E-07	5.54E-08
15	84.031	5.28E-12	5.19E-09	1.31E-10	5.16E-11	1.87E-11	2.09E-08	1.06E-07	5.57E-08
16	89.979	5.29E-12	5.20E-09	1.30E-10	5.35E-11	1.30E-11	2.10E-08	1.05E-07	5.57E-08
17	96.018	5.28E-12	5.14E-09	1.30E-10	5.66E-11	1.96E-11	2.09E-08	1.04E-07	5.56E-08
18	102.067	5.28E-12	5.14E-09	1.32E-10	5.04E-11	1.65E-11	2.08E-08	1.05E-07	5.59E-08
19	108.135	5.29E-12	5.16E-09	1.34E-10	4.98E-11	1.91E-11	2.09E-08	1.05E-07	5.52E-08
20	114.214	5.29E-12	5.17E-09	1.37E-10	4.98E-11	2.32E-11	2.09E-08	1.06E-07	5.57E-08
21	120.243	5.29E-12	5.15E-09	1.31E-10	4.81E-11	1.63E-11	2.11E-08	1.05E-07	5.51E-08
22	126.181	5.29E-12	5.14E-09	1.41E-10	1.64E-10	5.85E-10	2.09E-08	1.05E-07	5.53E-08
23	132.13	5.28E-12	5.17E-09	1.46E-10	2.95E-10	1.13E-09	2.08E-08	1.04E-07	5.55E-08
24	138.028	5.28E-12	5.14E-09	1.48E-10	4.02E-10	1.57E-09	2.08E-08	1.05E-07	5.51E-08
25	143.857	5.27E-12	5.14E-09	1.60E-10	4.68E-10	1.87E-09	2.07E-08	1.04E-07	5.53E-08
26	149.755	5.27E-12	5.12E-09	1.61E-10	5.31E-10	2.07E-09	2.08E-08	1.05E-07	5.49E-08
27	155.584	5.27E-12	5.14E-09	1.64E-10	5.73E-10	2.21E-09	2.07E-08	1.04E-07	5.53E-08
28	161.412	5.25E-12	5.14E-09	1.62E-10	5.81E-10	2.30E-09	2.08E-08	1.04E-07	5.53E-08
29	167.24	5.25E-12	5.13E-09	1.62E-10	6.20E-10	2.38E-09	2.08E-08	1.03E-07	5.49E-08
30	173.069	5.25E-12	5.16E-09	1.71E-10	6.27E-10	2.44E-09	2.07E-08	1.03E-07	5.55E-08
31	178.957	5.26E-12	5.15E-09	1.71E-10	6.45E-10	2.46E-09	2.07E-08	1.04E-07	5.53E-08
32	184.796	5.25E-12	5.10E-09	1.75E-10	6.48E-10	2.46E-09	2.07E-08	1.03E-07	5.51E-08
33	190.694	5.25E-12	5.12E-09	1.71E-10	6.56E-10	2.48E-09	2.07E-08	1.04E-07	5.49E-08
34	196.593	5.24E-12	5.12E-09	1.63E-10	6.58E-10	2.50E-09	2.05E-08	1.03E-07	5.51E-08
35	202.491	5.25E-12	5.17E-09	1.67E-10	6.77E-10	2.47E-09	2.06E-08	1.03E-07	5.51E-08
36	208.32	5.25E-12	5.11E-09	1.69E-10	6.82E-10	2.49E-09	2.07E-08	1.03E-07	5.55E-08
37	214.208	5.26E-12	5.09E-09	1.71E-10	6.92E-10	2.49E-09	2.06E-08	1.03E-07	5.48E-08
38	220.036	5.27E-12	5.13E-09	1.75E-10	6.97E-10	2.51E-09	2.07E-08	1.03E-07	5.53E-08
39	225.935	5.26E-12	5.10E-09	1.73E-10	6.93E-10	2.52E-09	2.07E-08	1.04E-07	5.52E-08
40	231.763	5.28E-12	5.16E-09	1.68E-10	7.04E-10	2.47E-09	2.06E-08	1.04E-07	5.51E-08
41	237.592	5.28E-12	5.13E-09	1.71E-10	7.03E-10	2.47E-09	2.06E-08	1.03E-07	5.52E-08
42	243.42	5.28E-12	5.12E-09	1.75E-10	7.04E-10	2.51E-09	2.06E-08	1.04E-07	5.51E-08
43	249.258	5.28E-12	5.09E-09	1.73E-10	7.11E-10	2.46E-09	2.06E-08	1.03E-07	5.50E-08
44	255.087	5.26E-12	5.11E-09	1.78E-10	7.08E-10	2.47E-09	2.05E-08	1.04E-07	5.50E-08
45	260.975	5.27E-12	5.15E-09	1.72E-10	7.07E-10	2.46E-09	2.06E-08	1.03E-07	5.47E-08
46	266.744	5.26E-12	5.11E-09	1.70E-10	7.14E-10	2.45E-09	2.04E-08	1.03E-07	5.46E-08
47	272.582	5.26E-12	5.11E-09	1.70E-10	7.28E-10	2.45E-09	2.05E-08	1.02E-07	5.48E-08
48	278.47	5.26E-12	5.11E-09	1.73E-10	7.36E-10	2.45E-09	2.05E-08	1.02E-07	5.46E-08
49	284.309	5.26E-12	5.13E-09	1.73E-10	7.28E-10	2.44E-09	2.06E-08	1.02E-07	5.47E-08
50	290.077	5.24E-12	5.09E-09	1.80E-10	7.34E-10	2.46E-09	2.06E-08	1.04E-07	5.51E-08
51	295.956	5.26E-12	5.11E-09	1.68E-10	7.32E-10	2.47E-09	2.07E-08	1.03E-07	5.53E-08
52	301.734	5.25E-12	5.09E-09	1.75E-10	7.32E-10	2.45E-09	2.05E-08	1.03E-07	5.47E-08
53	307.562	5.24E-12	5.12E-09	1.69E-10	7.51E-10	2.43E-09	2.05E-08	1.02E-07	5.48E-08
54	313.331	5.25E-12	5.14E-09	1.81E-10	7.58E-10	2.48E-09	2.04E-08	1.02E-07	5.47E-08
55	319.179	5.24E-12	5.10E-09	1.75E-10	7.51E-10	2.40E-09	2.04E-08	1.02E-07	5.48E-08
56	325.027	5.25E-12	5.07E-09	1.80E-10	7.40E-10	2.44E-09	2.05E-08	1.02E-07	5.48E-08
57	330.856	5.25E-12	5.13E-09	1.79E-10	7.64E-10	2.40E-09	2.04E-08	1.02E-07	5.49E-08
58	336.704	5.25E-12	5.10E-09	1.80E-10	7.83E-10	2.42E-09	2.05E-08	1.02E-07	5.45E-08
59	342.523	5.25E-12	5.07E-09	1.81E-10	7.64E-10	2.43E-09	2.04E-08	1.02E-07	5.48E-08
60	348.351	5.24E-12	5.11E-09	1.83E-10	7.78E-10	2.43E-09	2.03E-08	1.02E-07	5.46E-08
61	354.249	5.24E-12	5.08E-09	1.84E-10	7.76E-10	2.39E-09	2.03E-08	1.02E-07	5.47E-08
62	360.068	5.23E-12	5.08E-09	1.77E-10	7.84E-10	2.37E-09	2.03E-08	1.01E-07	5.47E-08
63	365.896	5.22E-12	5.09E-09	1.79E-10	7.91E-10	2.39E-09	2.03E-08	1.01E-07	5.43E-08
64	371.735	5.23E-12	5.07E-09	1.84E-10	8.02E-10	2.39E-09	2.03E-08	1.01E-07	5.45E-08
65	377.503	5.22E-12	5.09E-09	1.86E-10	7.79E-10	2.38E-09	2.02E-08	1.01E-07	5.45E-08
66	383.391	5.21E-12	5.08E-09	1.79E-10	7.81E-10	2.35E-09	2.02E-08	1.01E-07	5.45E-08
67	389.22	5.19E-12	5.11E-09	1.84E-10	7.92E-10	2.39E-09	2.02E-08	1.01E-07	5.47E-08
68	395.048	5.19E-12	5.10E-09	1.77E-10	7.92E-10	2.38E-09	2.02E-08	1.01E-07	5.42E-08
69	400.937	5.20E-12	5.09E-09	1.87E-10	7.93E-10	2.35E-09	2.02E-08	1.01E-07	5.45E-08
70	406.765	5.17E-12	5.11E-09	1.85E-10	7.89E-10	2.37E-09	2.01E-08	1.01E-07	5.44E-08
71	412.593	5.17E-12	5.07E-09	1.82E-10	8.14E-10	2.36E-09	2.02E-08	1.01E-07	5.45E-08
72	418.482	5.18E-12	5.12E-09	1.81E-10	8.35E-10	2.35E-09	2.02E-08	1.01E-07	5.45E-08
73	424.25	5.18E-12	5.10E-09	1.87E-10	8.33E-10	2.31E-09	2.02E-08	1.01E-07	5.45E-08
74	430.088	5.17E-12	5.10E-09	1.86E-10	8.15E-10	2.35E-09	2.02E-08	1.01E-07	5.46E-08
75	435.857	5.17E-12	5.11E-09	1.83E-10	8.24E-10	2.37E-09	2.02E-08	1.01E-07	5.43E-08
76	441.695	5.16E-12	5.12E-09	1.84E-10	8.30E-10	2.32E-09	2.02E-08	1.01E-07	5.45E-08
77	447.463	5.17E-12	5.09E-09	1.87E-10	8.30E-10	2.30E-09	2.02E-08	1.01E-07	5.47E-08
78	453.292	5.15E-12	5.12E-09	1.91E-10	8.27E-10	2.34E-09	2.01E-08	1.01E-07	5.45E-08
79	459.12	5.15E-12	5.09E-09	1.86E-10	8.45E-10	2.31E-09	2.01E-08	1.01E-07	5.45E-08
80	464.949	5.14E-12	5.03E-09	1.83E-10	8.32E-10	2.34E-09	2.01E-08	1.00E-07	5.39E-08
81	470.727	5.14E-12	5.05E-09	1.96E-10	8.50E-10	2.33E-09	2.01E-08	1.00E-07	5.44E-08
82	476.495	5.13E-12	5.10E-09	1.87E-10	8.59E-10	2.33E-09	2.01E-08	1.00E-07	5.44E-08
83	482.384	5.12E-12	5.07E-09	1.89E-10	8.62E-10	2.32E-09	2.01E-08	1.00E-07	5.47E-08
84	488.212	5.10E-12	5.07E-09	1.88E-10	8.53E-10	2.29E-09	2.01E-08	1.00E-07	5.41E-08
85	494.04	5.10E-12	5.02E-09	1.94E-10	8.66E-10	2.30E-09	2.00E-08	9.94E-08	5.43E-08
86	499.879	5.09E-12	5.07E-09	1.93E-10	8.57E-10	2.31E-09	2.01E-08	9.93E-08	5.42E-08
87	505.707	5.10E-12	5.04E-09	1.99E-10	8.62E-10	2.31E-09	1.99E-08	9.95E-08	5.45E-08
88	511.596	5.11E-12	5.08E-09	2.01E-10	8.71E-10	2.30E-09	1.99E-08	9.93E-08	5.40E-08
89	517.444	5.11E-12	4.99E-09	1.88E-10	8.58E-10	2.28E-09	2.00E-08	9.96E-08	5.41E-08
90	523.272	5.11E-12	5.05E-09	1.89E-10	8.82E-10	2.28E-09	1.99E-08	9.92E-08	5.43E-08
91	529.111	5.12E-12	5.02E-09	1.99E-10	8.72E-10	2.26E-09	2.00E-08	9.90E-08	5.40E-08
92	534.939	5.12E-12	5.03E-09	1.93E-10	8.80E-10	2.25E-09	1.99E-08	9.92E-08	5.39E-08
93	540.848	5.11E-12	5.04E-09	2.00E-10	8.82E-10	2.25E-09	2.00E-08	9.79E-08	5.36E-08
94	546.676	5.10E-12	5.37E-09	3.21E-10	8.79E-10	1.65E-09	1.99E-08	9.55E-08	5.40E-08
95	552.444	5.11E-12	5.43E-09	6.96E-10	9.56E-10	1.23E-09	2.00E-08	9.47E-08	5.41E-08
96	558.223	5.10E-12	5.44E-09	9.43E-10	9.60E-10	1.02E-09	2.00E-08	9.44E-08	5.40E-08
97	563.991	5.10E-12	5.45E-09	1.09E-09	9.67E-10	9.17E-10	2.01E-08	9.42E-08	5.36E-08
98	569.759	5.09E-12	5.46E-09	1.17E-09	9.39E-10	8.96E-10	2.01E-08	9.41E-08	5.34E-08
99	575.528	5.08E-12	5.44E-09	1.19E-09	9.31E-10	8.77E-10	2.00E-08	9.38E-08	5.40E-08
100	581.306	5.08E-12	5.47E-09	1.24E-09	9.19E-10	8.76E-10	2.00E-08	9.39E-08	5.38E-08
101	587.144	5.07E-12	5.49E-09	1.23E-09	9.34E-10	8.93E-10	2.01E-08	9.37E-08	5.40E-08
102	592.913	5.09E-12	5.48E-09	1.23E-09	9.35E-10	8.77E-10	2.00E-08	9.37E-08	5.34E-08
103	598.681	5.10E-12	5.51E-09	1.23E-09	9.46E-10	8.75E-10	2.01E-08	9.35E-08	5.38E-08
104	604.449	5.11E-12	5.45E-09	1.25E-09	9.49E-10	8.84E-10	2.00E-08	9.34E-08	5.40E-08
105	610.217	5.12E-12	5.50E-09	1.23E-09	9.38E-10	8.77E-10	2.01E-08	9.33E-08	5.37E-08
106	616.046	5.11E-12	5.48E-09	1.26E-09	9.43E-10	8.72E-10	2.01E-08	9.32E-08	5.41E-08
107	621.814	5.12E-12	5.49E-09	1.26E-09	9.48E-10	8.67E-10	2.01E-08	9.33E-08	5.36E-08
108	627.643	5.10E-12	5.50E-09	1.25E-09	9.44E-10	8.69E-10	2.01E-08	9.32E-08	5.36E-08
109	633.471	5.11E-12	5.46E-09	1.24E-09	9.64E-10	8.64E-10	2.00E-08	9.32E-08	5.36E-08
110	639.239	5.11E-12	5.47E-09	1.26E-09	9.58E-10	8.85E-10	2.00E-08	9.28E-08	5.34E-08
111	645.007	5.11E-12	5.53E-09	1.26E-09	9.38E-10	8.80E-10	2.00E-08	9.27E-08	5.36E-08
112	650.776	5.09E-12	5.47E-09	1.27E-09	9.43E-10	8.75E-10	2.00E-08	9.26E-08	5.38E-08
113	656.544	5.09E-12	5.50E-09	1.28E-09	9.35E-10	8.70E-10	1.99E-08	9.24E-08	5.34E-08
114	662.312	5.10E-12	5.49E-09	1.28E-09	9.27E-10	8.66E-10	1.99E-08	9.24E-08	5.32E-08
115	668.081	5.09E-12	5.46E-09	1.28E-09	9.61E-10	8.60E-10	2.00E-08	9.24E-08	5.36E-08
116	673.849	5.08E-12	5.46E-09	1.26E-09	9.45E-10	8.66E-10	2.00E-08	9.22E-08	5.34E-08
117	679.627	5.09E-12	5.44E-09	1.30E-09	9.35E-10	8.51E-10	1.99E-08	9.22E-08	5.29E-08
118	685.396	5.08E-12	5.48E-09	1.30E-09	9.41E-10	8.67E-10	1.99E-08	9.20E-08	5.32E-08
119	691.234	5.09E-12	5.46E-09	1.30E-09	9.41E-10	8.68E-10	2.00E-08	9.20E-08	5.34E-08
120	697.002	5.09E-12	5.47E-09	1.31E-09	9.53E-10	8.61E-10	2.00E-08	9.18E-08	5.29E-08
121	702.771	5.09E-12	5.48E-09	1.29E-09	9.31E-10	8.55E-10	1.99E-08	9.18E-08	5.36E-08
122	708.549	5.08E-12	5.48E-09	1.31E-09	9.45E-10	8.61E-10	1.99E-08	9.18E-08	5.32E-08
123	714.317	5.08E-12	5.45E-09	1.31E-09	9.41E-10	8.46E-10	1.99E-08	9.16E-08	5.34E-08
124	720.095	5.07E-12	5.51E-09	1.32E-09	9.45E-10	8.50E-10	1.98E-08	9.17E-08	5.31E-08
125	725.874	5.06E-12	5.43E-09	1.33E-09	9.35E-10	8.60E-10	1.99E-08	9.16E-08	5.34E-08
126	731.652	5.06E-12	5.48E-09	1.35E-09	9.41E-10	8.48E-10	2.00E-08	9.12E-08	5.34E-08
127	737.42	5.04E-12	5.47E-09	1.33E-09	9.47E-10	8.32E-10	1.99E-08	9.14E-08	5.32E-08
128	743.259	5.06E-12	5.47E-09	1.33E-09	9.46E-10	8.35E-10	1.98E-08	9.10E-08	5.29E-08
129	749.027	5.06E-12	5.49E-09	1.33E-09	9.29E-10	8.27E-10	1.99E-08	9.09E-08	5.29E-08
130	754.926	5.05E-12	5.47E-09	1.34E-09	9.48E-10	8.29E-10	1.99E-08	9.08E-08	5.35E-08
131	760.694	5.07E-12	5.45E-09	1.36E-09	9.45E-10	8.32E-10	1.99E-08	9.08E-08	5.29E-08
132	766.522	5.05E-12	5.45E-09	1.35E-09	9.18E-10	8.36E-10	1.99E-08	9.06E-08	5.29E-08
133	772.29	5.05E-12	5.49E-09	1.36E-09	9.31E-10	8.18E-10	1.99E-08	9.07E-08	5.31E-08
134	778.119	5.06E-12	5.40E-09	1.36E-09	9.43E-10	8.26E-10	2.00E-08	9.05E-08	5.30E-08
135	783.887	5.07E-12	5.47E-09	1.39E-09	9.34E-10	8.13E-10	1.99E-08	9.06E-08	5.29E-08
136	789.716	5.06E-12	5.45E-09	1.36E-09	9.31E-10	8.34E-10	1.99E-08	9.04E-08	5.27E-08
137	795.484	5.07E-12	5.44E-09	1.36E-09	9.53E-10	8.28E-10	1.99E-08	9.03E-08	5.36E-08
138	801.322	5.06E-12	5.49E-09	1.36E-09	9.54E-10	8.14E-10	1.98E-08	9.04E-08	5.29E-08
139	807.091	5.06E-12	5.44E-09	1.37E-09	9.40E-10	8.05E-10	1.99E-08	9.01E-08	5.28E-08
140	812.869	5.05E-12	5.43E-09	1.38E-09	9.57E-10	8.18E-10	1.98E-08	8.99E-08	5.28E-08
141	818.697	5.05E-12	5.42E-09	1.37E-09	9.51E-10	7.93E-10	1.98E-08	8.97E-08	5.28E-08
142	824.466	5.03E-12	5.48E-09	1.40E-09	9.33E-10	8.06E-10	1.98E-08	8.98E-08	5.34E-08
143	830.234	5.03E-12	5.44E-09	1.37E-09	9.45E-10	8.04E-10	1.98E-08	8.96E-08	5.31E-08
144	836.062	5.03E-12	5.46E-09	1.40E-09	9.29E-10	8.23E-10	1.98E-08	8.95E-08	5.27E-08
145	841.921	5.04E-12	5.41E-09	1.36E-09	9.40E-10	7.97E-10	1.97E-08	8.96E-08	5.31E-08
146	847.689	5.03E-12	5.46E-09	1.36E-09	9.25E-10	8.13E-10	1.98E-08	8.92E-08	5.29E-08
147	853.517	5.03E-12	5.42E-09	1.41E-09	9.42E-10	8.02E-10	1.97E-08	8.93E-08	5.29E-08
148	859.286	5.04E-12	5.47E-09	1.40E-09	9.37E-10	8.06E-10	1.98E-08	8.93E-08	5.28E-08
149	865.054	5.04E-12	5.43E-09	1.40E-09	9.40E-10	8.09E-10	1.97E-08	8.90E-08	5.27E-08
150	870.822	5.03E-12	5.43E-09	1.39E-09	9.33E-10	7.87E-10	1.99E-08	8.91E-08	5.27E-08
151	876.651	5.01E-12	5.43E-09	1.38E-09	9.41E-10	7.78E-10	1.97E-08	8.90E-08	5.28E-08
152	882.479	5.01E-12	5.39E-09	1.41E-09	9.50E-10	8.03E-10	1.96E-08	8.88E-08	5.24E-08
153	888.247	5.01E-12	5.42E-09	1.40E-09	9.50E-10	7.88E-10	1.97E-08	8.86E-08	5.27E-08
154	894.026	4.99E-12	5.43E-09	1.39E-09	9.41E-10	8.03E-10	1.97E-08	8.86E-08	5.24E-08
155	899.804	5.00E-12	5.40E-09	1.41E-09	9.58E-10	7.81E-10	1.97E-08	8.84E-08	5.25E-08
156	905.572	4.99E-12	5.43E-09	1.42E-09	9.50E-10	7.96E-10	1.97E-08	8.83E-08	5.27E-08
157	911.411	4.97E-12	5.43E-09	1.42E-09	9.24E-10	7.81E-10	1.96E-08	8.81E-08	5.24E-08
158	917.179	4.98E-12	5.46E-09	1.41E-09	9.54E-10	7.88E-10	1.97E-08	8.85E-08	5.29E-08
159	922.947	4.97E-12	5.42E-09	1.42E-09	9.46E-10	8.05E-10	1.97E-08	8.83E-08	5.26E-08
160	928.776	4.96E-12	5.42E-09	1.42E-09	9.42E-10	7.85E-10	1.97E-08	8.83E-08	5.30E-08
161	934.544	4.95E-12	5.37E-09	1.40E-09	9.43E-10	8.01E-10	1.96E-08	8.79E-08	5.27E-08
162	940.312	4.94E-12	5.43E-09	1.41E-09	9.53E-10	7.91E-10	1.96E-08	8.78E-08	5.24E-08
163	946.14	4.92E-12	5.40E-09	1.43E-09	9.53E-10	7.76E-10	1.97E-08	8.78E-08	5.24E-08
164	951.909	4.93E-12	5.38E-09	1.41E-09	9.48E-10	7.75E-10	1.97E-08	8.78E-08	5.27E-08
165	957.687	4.91E-12	5.39E-09	1.40E-09	9.43E-10	7.85E-10	1.96E-08	8.76E-08	5.26E-08
166	963.455	4.91E-12	5.42E-09	1.42E-09	9.51E-10	7.82E-10	1.96E-08	8.74E-08	5.22E-08
167	969.284	4.89E-12	5.38E-09	1.44E-09	9.40E-10	7.63E-10	1.96E-08	8.73E-08	5.23E-08
168	975.052	4.90E-12	5.41E-09	1.45E-09	9.36E-10	7.87E-10	1.96E-08	8.76E-08	5.24E-08
169	980.82	4.90E-12	5.38E-09	1.43E-09	9.28E-10	7.76E-10	1.96E-08	8.78E-08	5.27E-08
170	986.599	4.89E-12	5.37E-09	1.44E-09	9.48E-10	7.70E-10	1.97E-08	8.73E-08	5.24E-08
171	992.367	4.89E-12	5.40E-09	1.45E-09	9.39E-10	7.57E-10	1.96E-08	8.73E-08	5.24E-08
172	998.155	4.89E-12	5.37E-09	1.50E-09	9.18E-10	7.16E-10	1.96E-08	8.71E-08	5.25E-08
173	1004.01	4.90E-12	5.36E-09	1.64E-09	7.85E-10	6.74E-10	1.96E-08	8.73E-08	5.25E-08
174	1009.84	4.89E-12	5.36E-09	1.75E-09	7.08E-10	6.51E-10	1.96E-08	8.76E-08	5.22E-08
175	1015.74	4.90E-12	5.33E-09	1.78E-09	6.56E-10	6.22E-10	1.96E-08	8.79E-08	5.27E-08
176	1021.57	4.88E-12	5.27E-09	1.81E-09	6.30E-10	6.05E-10	1.97E-08	8.82E-08	5.25E-08
177	1027.46	4.90E-12	5.30E-09	1.80E-09	6.08E-10	5.99E-10	1.97E-08	8.83E-08	5.23E-08
178	1033.29	4.89E-12	5.30E-09	1.78E-09	5.85E-10	5.99E-10	1.96E-08	8.88E-08	5.26E-08
179	1039.12	4.89E-12	5.27E-09	1.76E-09	5.80E-10	5.80E-10	1.96E-08	8.90E-08	5.26E-08
180	1044.89	4.90E-12	5.28E-09	1.74E-09	5.79E-10	5.87E-10	1.96E-08	8.94E-08	5.25E-08
181	1050.67	4.91E-12	5.27E-09	1.71E-09	5.70E-10	5.86E-10	1.96E-08	8.98E-08	5.24E-08
182	1056.51	4.91E-12	5.29E-09	1.68E-09	5.69E-10	5.78E-10	1.96E-08	9.02E-08	5.22E-08
183	1062.34	4.92E-12	5.27E-09	1.67E-09	5.60E-10	5.73E-10	1.97E-08	9.05E-08	5.27E-08
184	1068.17	4.93E-12	5.28E-09	1.66E-09	5.64E-10	5.65E-10	1.96E-08	9.10E-08	5.24E-08
185	1073.93	4.95E-12	5.27E-09	1.62E-09	5.54E-10	5.59E-10	1.96E-08	9.13E-08	5.25E-08
186	1079.76	4.94E-12	5.27E-09	1.62E-09	5.49E-10	5.72E-10	1.97E-08	9.17E-08	5.24E-08
187	1085.6	4.93E-12	5.25E-09	1.59E-09	5.54E-10	5.68E-10	1.96E-08	9.25E-08	5.21E-08
188	1091.43	4.94E-12	5.26E-09	1.59E-09	5.50E-10	5.66E-10	1.98E-08	9.27E-08	5.24E-08
189	1097.27	4.96E-12	5.22E-09	1.57E-09	5.43E-10	5.80E-10	1.96E-08	9.32E-08	5.28E-08
190	1103.04	4.95E-12	5.23E-09	1.54E-09	5.35E-10	5.62E-10	1.96E-08	9.39E-08	5.27E-08
191	1108.86	4.95E-12	5.26E-09	1.51E-09	5.33E-10	5.72E-10	1.96E-08	9.45E-08	5.29E-08
192	1114.75	4.96E-12	5.22E-09	1.52E-09	5.41E-10	5.68E-10	1.97E-08	9.51E-08	5.27E-08
193	1120.58	4.95E-12	5.24E-09	1.48E-09	5.42E-10	5.51E-10	1.97E-08	9.57E-08	5.28E-08
194	1126.35	4.96E-12	5.26E-09	1.46E-09	5.35E-10	5.67E-10	1.97E-08	9.62E-08	5.31E-08
195	1132.12	4.97E-12	5.25E-09	1.47E-09	5.39E-10	5.59E-10	1.96E-08	9.66E-08	5.31E-08
196	1137.89	4.98E-12	5.24E-09	1.46E-09	5.26E-10	5.56E-10	1.97E-08	9.72E-08	5.28E-08
197	1143.71	4.98E-12	5.25E-09	1.43E-09	5.42E-10	5.53E-10	1.97E-08	9.75E-08	5.29E-08
198	1149.55	4.97E-12	5.25E-09	1.42E-09	5.31E-10	5.49E-10	1.97E-08	9.83E-08	5.29E-08
199	1155.38	4.96E-12	5.25E-09	1.42E-09	5.34E-10	5.37E-10	1.97E-08	9.90E-08	5.32E-08
200	1161.21	4.96E-12	5.25E-09	1.41E-09	5.40E-10	5.49E-10	1.97E-08	9.95E-08	5.34E-08
201	1167.04	4.96E-12	5.28E-09	1.41E-09	5.27E-10	5.52E-10	1.97E-08	1.00E-07	5.32E-08
202	1172.87	4.97E-12	5.26E-09	1.40E-09	5.28E-10	5.55E-10	1.97E-08	1.01E-07	5.30E-08
203	1178.76	4.97E-12	5.27E-09	1.39E-09	5.31E-10	5.33E-10	1.97E-08	1.01E-07	5.32E-08
204	1184.59	4.97E-12	5.28E-09	1.38E-09	5.27E-10	5.50E-10	1.97E-08	1.02E-07	5.33E-08
205	1190.42	4.96E-12	5.30E-09	1.40E-09	5.44E-10	5.45E-10	1.96E-08	1.02E-07	5.34E-08
206	1196.26	4.97E-12	5.24E-09	1.35E-09	5.31E-10	5.50E-10	1.97E-08	1.03E-07	5.36E-08
207	1202.09	4.96E-12	5.30E-09	1.39E-09	5.23E-10	5.49E-10	1.96E-08	1.04E-07	5.34E-08
208	1207.86	4.97E-12	5.32E-09	1.39E-09	5.27E-10	5.43E-10	1.96E-08	1.04E-07	5.35E-08
209	1213.68	4.96E-12	5.26E-09	1.35E-09	5.21E-10	5.43E-10	1.97E-08	1.05E-07	5.34E-08
210	1219.45	4.96E-12	5.26E-09	1.34E-09	5.13E-10	5.47E-10	1.96E-08	1.05E-07	5.35E-08
211	1225.29	4.96E-12	5.28E-09	1.36E-09	5.24E-10	5.34E-10	1.97E-08	1.06E-07	5.34E-08
212	1231.06	4.95E-12	5.29E-09	1.36E-09	5.15E-10	5.34E-10	1.97E-08	1.06E-07	5.37E-08
213	1236.89	4.93E-12	5.29E-09	1.32E-09	5.36E-10	5.38E-10	1.97E-08	1.07E-07	5.36E-08
214	1242.67	4.94E-12	5.31E-09	1.34E-09	5.30E-10	5.43E-10	1.96E-08	1.08E-07	5.35E-08
215	1248.43	4.94E-12	5.30E-09	1.35E-09	5.19E-10	5.32E-10	1.96E-08	1.08E-07	5.35E-08
216	1254.32	4.93E-12	5.35E-09	1.37E-09	5.21E-10	5.24E-10	1.97E-08	1.09E-07	5.36E-08
217	1260.15	4.93E-12	5.28E-09	1.36E-09	5.34E-10	5.32E-10	1.96E-08	1.09E-07	5.37E-08
218	1265.99	4.93E-12	5.29E-09	1.33E-09	5.26E-10	5.27E-10	1.97E-08	1.10E-07	5.38E-08
219	1271.76	4.92E-12	5.32E-09	1.34E-09	5.12E-10	5.15E-10	1.97E-08	1.10E-07	5.38E-08
220	1277.6	4.93E-12	5.29E-09	1.34E-09	5.15E-10	5.22E-10	1.96E-08	1.11E-07	5.41E-08
221	1283.42	4.92E-12	5.32E-09	1.32E-09	5.16E-10	5.21E-10	1.96E-08	1.11E-07	5.36E-08
222	1289.25	4.91E-12	5.29E-09	1.32E-09	5.18E-10	5.20E-10	1.97E-08	1.12E-07	5.41E-08
223	1295.02	4.92E-12	5.32E-09	1.33E-09	5.23E-10	5.19E-10	1.96E-08	1.13E-07	5.38E-08
224	1300.85	4.91E-12	5.29E-09	1.33E-09	5.16E-10	5.22E-10	1.97E-08	1.13E-07	5.43E-08
225	1306.62	4.92E-12	5.31E-09	1.32E-09	5.13E-10	5.32E-10	1.97E-08	1.14E-07	5.40E-08
226	1312.45	4.90E-12	5.32E-09	1.33E-09	5.19E-10	5.21E-10	1.97E-08	1.15E-07	5.43E-08
227	1318.23	4.91E-12	5.30E-09	1.35E-09	5.16E-10	5.13E-10	1.96E-08	1.15E-07	5.40E-08
228	1324.05	4.90E-12	5.32E-09	1.31E-09	5.09E-10	5.32E-10	1.97E-08	1.16E-07	5.43E-08
229	1329.88	4.89E-12	5.34E-09	1.34E-09	5.10E-10	5.23E-10	1.96E-08	1.16E-07	5.40E-08
230	1335.65	4.90E-12	5.34E-09	1.31E-09	5.11E-10	5.04E-10	1.98E-08	1.17E-07	5.38E-08
231	1341.48	4.89E-12	5.30E-09	1.32E-09	5.22E-10	5.19E-10	1.97E-08	1.17E-07	5.38E-08
232	1347.38	4.88E-12	5.32E-09	1.30E-09	5.02E-10	5.20E-10	1.97E-08	1.18E-07	5.40E-08
233	1353.21	4.88E-12	5.35E-09	1.31E-09	5.15E-10	5.07E-10	1.97E-08	1.18E-07	5.40E-08
234	1359.1	4.90E-12	5.34E-09	1.30E-09	5.06E-10	5.04E-10	1.97E-08	1.19E-07	5.42E-08
235	1364.87	4.89E-12	5.32E-09	1.30E-09	5.03E-10	5.11E-10	1.97E-08	1.19E-07	5.41E-08
236	1370.73	4.90E-12	5.35E-09	1.29E-09	5.22E-10	5.11E-10	1.98E-08	1.20E-07	5.44E-08
237	1376.61	4.88E-12	5.32E-09	1.33E-09	5.14E-10	5.16E-10	1.97E-08	1.20E-07	5.38E-08
238	1382.44	4.87E-12	5.35E-09	1.31E-09	5.14E-10	5.03E-10	1.97E-08	1.21E-07	5.44E-08
239	1388.21	4.88E-12	5.30E-09	1.30E-09	5.05E-10	5.04E-10	1.96E-08	1.21E-07	5.41E-08
240	1394.1	4.87E-12	5.37E-09	1.30E-09	5.04E-10	4.97E-10	1.97E-08	1.22E-07	5.40E-08
241	1400	4.86E-12	5.33E-09	1.29E-09	5.15E-10	5.12E-10	1.96E-08	1.22E-07	5.43E-08
242	1405.77	4.88E-12	5.40E-09	1.30E-09	5.04E-10	5.02E-10	1.96E-08	1.23E-07	5.45E-08
243	1411.67	4.88E-12	5.40E-09	1.31E-09	5.11E-10	5.00E-10	1.96E-08	1.23E-07	5.44E-08
244	1417.45	4.88E-12	5.40E-09	1.29E-09	4.94E-10	4.85E-10	1.97E-08	1.24E-07	5.43E-08
245	1423.28	4.88E-12	5.39E-09	1.27E-09	5.14E-10	4.85E-10	1.96E-08	1.24E-07	5.44E-08
246	1429.1	4.87E-12	5.33E-09	1.31E-09	4.98E-10	4.82E-10	1.97E-08	1.25E-07	5.48E-08
247	1435	4.87E-12	5.34E-09	1.29E-09	4.99E-10	4.93E-10	1.96E-08	1.25E-07	5.43E-08
248	1440.77	4.87E-12	5.33E-09	1.30E-09	5.02E-10	5.05E-10	1.97E-08	1.26E-07	5.43E-08
249	1446.6	4.84E-12	5.34E-09	1.29E-09	4.96E-10	4.85E-10	1.96E-08	1.26E-07	5.43E-08
250	1452.43	4.85E-12	5.36E-09	1.28E-09	5.03E-10	4.94E-10	1.96E-08	1.27E-07	5.47E-08
251	1458.26	4.84E-12	5.40E-09	1.28E-09	5.08E-10	4.94E-10	1.96E-08	1.27E-07	5.47E-08
252	1464.15	4.84E-12	5.40E-09	1.34E-09	6.13E-10	5.25E-10	1.96E-08	1.27E-07	5.45E-08
253	1469.92	4.84E-12	5.40E-09	1.38E-09	6.78E-10	5.70E-10	1.96E-08	1.27E-07	5.45E-08
254	1475.76	4.84E-12	5.45E-09	1.43E-09	7.49E-10	5.79E-10	1.96E-08	1.26E-07	5.45E-08
255	1481.65	4.83E-12	5.49E-09	1.46E-09	8.07E-10	6.12E-10	1.97E-08	1.26E-07	5.45E-08
256	1487.49	4.82E-12	5.52E-09	1.45E-09	8.31E-10	6.19E-10	1.96E-08	1.26E-07	5.45E-08
257	1493.32	4.82E-12	5.53E-09	1.50E-09	8.53E-10	6.27E-10	1.96E-08	1.25E-07	5.49E-08
258	1499.09	4.83E-12	5.58E-09	1.49E-09	8.83E-10	6.40E-10	1.95E-08	1.25E-07	5.43E-08
259	1504.85	4.83E-12	5.54E-09	1.50E-09	8.76E-10	6.46E-10	1.97E-08	1.25E-07	5.46E-08
260	1510.68	4.83E-12	5.57E-09	1.49E-09	9.02E-10	6.51E-10	1.96E-08	1.24E-07	5.43E-08
261	1516.51	4.84E-12	5.60E-09	1.49E-09	8.85E-10	6.66E-10	1.97E-08	1.24E-07	5.45E-08
262	1522.34	4.86E-12	5.61E-09	1.51E-09	9.01E-10	6.64E-10	1.96E-08	1.23E-07	5.42E-08
263	1528.11	4.87E-12	5.61E-09	1.49E-09	8.91E-10	6.64E-10	1.96E-08	1.23E-07	5.41E-08
264	1533.88	4.88E-12	5.57E-09	1.52E-09	8.97E-10	6.54E-10	1.95E-08	1.23E-07	5.44E-08
265	1539.68	4.89E-12	5.63E-09	1.52E-09	9.04E-10	6.73E-10	1.95E-08	1.23E-07	5.45E-08
266	1545.46	4.88E-12	5.59E-09	1.51E-09	8.99E-10	6.45E-10	1.96E-08	1.22E-07	5.43E-08
267	1551.23	4.87E-12	5.60E-09	1.55E-09	8.81E-10	6.36E-10	1.96E-08	1.22E-07	5.43E-08
268	1557	4.87E-12	5.59E-09	1.52E-09	8.93E-10	6.41E-10	1.95E-08	1.22E-07	5.40E-08
269	1562.84	4.85E-12	5.55E-09	1.54E-09	9.01E-10	6.42E-10	1.95E-08	1.22E-07	5.43E-08
270	1568.68	4.86E-12	5.60E-09	1.56E-09	8.99E-10	6.39E-10	1.96E-08	1.21E-07	5.42E-08
271	1574.44	4.86E-12	5.60E-09	1.53E-09	8.83E-10	6.29E-10	1.95E-08	1.21E-07	5.43E-08
272	1580.27	4.86E-12	5.56E-09	1.55E-09	8.98E-10	6.23E-10	1.96E-08	1.20E-07	5.41E-08
273	1586.1	4.85E-12	5.64E-09	1.56E-09	8.78E-10	6.24E-10	1.95E-08	1.20E-07	5.41E-08
274	1591.93	4.86E-12	5.60E-09	1.59E-09	8.83E-10	6.26E-10	1.95E-08	1.20E-07	5.41E-08
275	1597.76	4.86E-12	5.62E-09	1.60E-09	8.99E-10	6.11E-10	1.96E-08	1.20E-07	5.43E-08
276	1603.66	4.88E-12	5.60E-09	1.58E-09	8.83E-10	6.18E-10	1.95E-08	1.19E-07	5.42E-08
277	1609.48	4.88E-12	5.60E-09	1.62E-09	8.74E-10	6.05E-10	1.95E-08	1.19E-07	5.42E-08
278	1615.33	4.89E-12	5.59E-09	1.60E-09	8.70E-10	6.16E-10	1.95E-08	1.19E-07	5.43E-08
279	1621.16	4.88E-12	5.56E-09	1.62E-09	8.85E-10	6.08E-10	1.95E-08	1.18E-07	5.38E-08
