3.513	1.8746e-09	-2.0829e-09	1.7496e-09
9.568	-7.6874e-10	-7.3927e-10	3.0493e-09
15.622	4.6991e-10	-2.5062e-11	1.0965e-09
21.677	-6.0341e-10	-2.4267e-10	2.3874e-09
27.731	-3.8804e-10	1.9092e-10	1.7384e-09
33.786	-9.3208e-11	-2.0421e-10	1.8387e-09
39.84	-3.6878e-10	-2.7422e-10	2.1843e-09
45.895	1.8859e-10	1.6685e-10	1.1859e-09
51.95	3.6597e-10	-3.0263e-10	1.478e-09
58.004	-7.3176e-10	1.1631e-10	2.1568e-09
64.059	1.0772e-08	5.7799e-10	-9.8084e-09
70.114	6.7912e-10	-4.7243e-11	9.0943e-10
76.168	-1.3102e-10	-5.7889e-10	2.2512e-09
82.223	-2.0633e-11	-2.6823e-11	1.5888e-09
88.277	-6.6698e-10	3.8134e-10	1.827e-09
94.332	3.1933e-11	1.6818e-10	1.3412e-09
100.39	4.5051e-10	9.8027e-11	9.9278e-10
106.44	3.461e-11	-2.7688e-11	1.5344e-09
112.5	3.0266e-10	1.1173e-10	1.1269e-09
118.55	-5.2482e-09	-2.1048e-09	8.8943e-09
124.6	-8.7182e-10	-1.2008e-10	2.5332e-09
130.66	-1.56e-10	2.9953e-10	1.3978e-09
136.71	1.7877e-09	1.1065e-09	-1.3529e-09
142.77	1.3886e-09	-2.7633e-09	2.916e-09
148.82	-6.3429e-11	-2.3257e-11	1.628e-09
154.88	8.9205e-10	6.4926e-10	2.7414e-24
160.93	1.335e-09	-1.4928e-09	1.6991e-09
166.99	-1.4691e-09	7.0543e-10	2.305e-09
173.04	1.3072e-09	2.9205e-10	-5.7913e-11
179.09	-1.4642e-09	-2.312e-10	3.2368e-09
185.15	-8.4216e-09	-2.2722e-09	1.2235e-08
191.2	1.2659e-09	5.2159e-10	-2.4614e-10
197.26	1.1976e-10	5.8323e-10	8.3832e-10
203.31	1.7582e-09	1.0139e-09	-1.2307e-09
209.37	1.2714e-09	-2.7775e-10	5.4767e-10
215.42	7.5686e-09	-1.3363e-09	-4.691e-09
221.47	-7.3483e-11	-3.1414e-10	1.9289e-09
227.53	7.7375e-10	1.8508e-09	-1.0833e-09
233.58	4.5222e-10	-3.6178e-10	1.4509e-09
239.64	-6.7667e-09	8.3081e-09	1.3286e-22
245.69	2.2121e-09	3.2824e-10	-9.99e-10
251.75	1.7762e-10	-8.6835e-11	1.4505e-09
257.8	-7.1538e-10	-4.7475e-10	2.7314e-09
263.86	4.6866e-10	3.3451e-10	7.3814e-10
269.91	-2.8346e-09	2.6397e-09	1.7362e-09
275.96	-1.358e-10	2.5123e-10	1.4259e-09
282.02	6.4221e-11	3.5322e-10	1.1239e-09
288.07	-2.7606e-09	-6.9704e-09	1.1272e-08
294.13	1.2121e-10	4.6981e-10	9.5029e-10
300.18	1.0473e-09	7.3836e-10	-2.4438e-10
306.24	1.0478e-09	2.2306e-09	-1.7371e-09
312.29	6.8105e-10	-9.3196e-11	9.5346e-10
318.35	-3.9955e-10	4.4695e-11	1.8962e-09
324.4	5.0639e-10	2.5952e-10	7.754e-10
330.45	-8.7575e-10	3.4811e-10	2.069e-09
336.51	1.125e-09	-2.1739e-12	4.1848e-10
342.56	1.873e-11	2.8299e-10	1.2396e-09
348.62	9.31e-11	4.6353e-10	9.8468e-10
354.67	9.0768e-11	4.3792e-10	1.0126e-09
360.73	7.0321e-11	4.6552e-10	1.0055e-09
366.78	7.156e-11	4.8718e-10	9.8258e-10
372.84	8.9636e-11	4.7695e-10	9.7473e-10
378.89	7.4719e-11	4.6966e-10	9.9694e-10
384.95	8.987e-11	4.7486e-10	9.7658e-10
391	8.6966e-11	4.6689e-10	9.8746e-10
397.06	8.3446e-11	4.7696e-10	9.8091e-10
403.11	8.9831e-11	4.8302e-10	9.6846e-10
409.17	8.5596e-11	4.702e-10	9.8552e-10
415.22	8.5079e-11	4.7545e-10	9.8078e-10
421.27	8.8196e-11	4.8006e-10	9.7306e-10
427.33	8.4502e-11	4.8097e-10	9.7585e-10
433.38	8.645e-11	4.8659e-10	9.6828e-10
439.43	9.268e-11	4.8498e-10	9.6366e-10
445.49	9.0813e-11	4.8349e-10	9.6701e-10
451.54	8.4455e-11	4.8801e-10	9.6885e-10
457.59	8.7096e-11	4.8288e-10	9.7133e-10
463.65	8.9574e-11	4.8526e-10	9.6648e-10
469.7	9.1857e-11	4.9332e-10	9.5614e-10
475.75	8.8699e-11	4.9113e-10	9.6148e-10
481.81	8.9933e-11	4.9403e-10	9.5735e-10
487.86	8.8209e-11	4.9138e-10	9.6173e-10
493.92	9.0398e-11	4.9175e-10	9.5917e-10
499.97	8.8471e-11	4.878e-10	9.6504e-10
506.02	8.9842e-11	4.9536e-10	9.5611e-10
512.08	8.9606e-11	4.8657e-10	9.6514e-10
518.13	8.4524e-11	4.8825e-10	9.6854e-10
524.18	8.8967e-11	4.8486e-10	9.6749e-10
530.24	9.1468e-11	4.9032e-10	9.5953e-10
536.29	8.9198e-11	4.9062e-10	9.615e-10
542.34	9.0683e-11	4.8899e-10	9.6165e-10
548.4	9.316e-11	4.8703e-10	9.6112e-10
554.45	8.9404e-11	4.8904e-10	9.6287e-10
560.5	9.0179e-11	4.9548e-10	9.5565e-10
566.56	8.7071e-11	4.9321e-10	9.6103e-10
572.61	8.7552e-11	4.9381e-10	9.5995e-10
578.67	8.9005e-11	4.9748e-10	9.5483e-10
584.72	9.5736e-11	4.9635e-10	9.4923e-10
590.77	9.0313e-11	4.9309e-10	9.5791e-10
596.83	9.0068e-11	4.9802e-10	9.5323e-10
602.88	9.1859e-11	5.0104e-10	9.4841e-10
608.93	9.0561e-11	5.0171e-10	9.4904e-10
614.99	9.2449e-11	5.0332e-10	9.4554e-10
621.04	9.2959e-11	4.9399e-10	9.5437e-10
627.09	9.7226e-11	5.0211e-10	9.4198e-10
633.15	9.7033e-11	5.0214e-10	9.4215e-10
639.2	9.3702e-11	5.0718e-10	9.4044e-10
645.25	9.7171e-11	5.0303e-10	9.4112e-10
651.31	1.0129e-10	5.0921e-10	9.3081e-10
657.36	9.6459e-11	5.1031e-10	9.3455e-10
663.41	9.7226e-11	5.1028e-10	9.3381e-10
669.47	9.5692e-11	5.13e-10	9.3263e-10
675.52	9.7778e-11	5.1569e-10	9.2784e-10
681.58	9.7344e-11	5.1267e-10	9.313e-10
687.63	1.02e-10	5.1973e-10	9.1959e-10
693.68	9.6333e-11	5.1135e-10	9.3363e-10
699.74	1.0005e-10	5.1603e-10	9.2523e-10
705.79	1.0213e-10	5.2041e-10	9.1878e-10
711.84	1.047e-10	5.201e-10	9.1651e-10
717.9	1.0449e-10	5.1908e-10	9.1774e-10
723.95	1.0294e-10	5.2543e-10	9.1295e-10
730	1.0697e-10	5.214e-10	9.1295e-10
736.06	1.0534e-10	5.1335e-10	9.2263e-10
742.11	1.0181e-10	5.1567e-10	9.2383e-10
748.16	1.0347e-10	5.2905e-10	9.0879e-10
754.22	1.0511e-10	5.272e-10	9.09e-10
760.27	1.0631e-10	5.2624e-10	9.0877e-10
766.32	1.0471e-10	5.2518e-10	9.1142e-10
772.38	1.0559e-10	5.2561e-10	9.1012e-10
778.43	1.0559e-10	5.3256e-10	9.0316e-10
784.49	1.1161e-10	5.2912e-10	9.0059e-10
790.54	1.0907e-10	5.2621e-10	9.0603e-10
796.59	1.1339e-10	5.2394e-10	9.0399e-10
802.64	1.0971e-10	5.3439e-10	8.9722e-10
808.7	1.0999e-10	5.3082e-10	9.0051e-10
814.75	1.1126e-10	5.3714e-10	8.9291e-10
820.81	1.1453e-10	5.3554e-10	8.9124e-10
826.86	1.1303e-10	5.3512e-10	8.9317e-10
832.91	1.1252e-10	5.3863e-10	8.9016e-10
838.97	1.146e-10	5.4235e-10	8.8437e-10
845.02	1.1141e-10	5.3882e-10	8.9109e-10
851.07	1.1307e-10	5.3952e-10	8.8872e-10
857.13	1.1218e-10	5.4967e-10	8.7946e-10
863.18	1.1442e-10	5.4911e-10	8.7778e-10
869.23	1.1188e-10	5.4534e-10	8.8409e-10
875.29	1.1481e-10	5.4926e-10	8.7724e-10
881.34	1.1715e-10	5.4413e-10	8.8003e-10
887.39	1.1691e-10	5.4565e-10	8.7876e-10
893.45	1.1851e-10	5.4179e-10	8.8101e-10
899.5	1.2187e-10	5.526e-10	8.6684e-10
905.55	1.1828e-10	5.468e-10	8.7624e-10
911.61	1.2038e-10	5.4884e-10	8.7209e-10
917.66	1.1736e-10	5.5172e-10	8.7223e-10
923.72	1.2098e-10	5.5393e-10	8.6641e-10
929.77	1.1949e-10	5.5376e-10	8.6807e-10
935.82	1.2121e-10	5.5303e-10	8.6708e-10
941.88	1.1963e-10	5.6359e-10	8.5809e-10
947.93	1.2386e-10	5.5325e-10	8.642e-10
953.98	1.2308e-10	5.556e-10	8.6263e-10
960.04	1.1873e-10	5.6297e-10	8.5961e-10
966.09	1.2934e-10	5.5834e-10	8.5363e-10
972.14	1.2269e-10	5.6454e-10	8.5408e-10
978.2	1.2312e-10	5.6303e-10	8.5517e-10
984.25	1.2771e-10	5.6623e-10	8.4738e-10
990.3	1.269e-10	5.5428e-10	8.6014e-10
996.36	1.2503e-10	5.6145e-10	8.5483e-10
1002.4	1.26e-10	5.634e-10	8.5191e-10
1008.5	1.2592e-10	5.6597e-10	8.4942e-10
1014.5	1.2223e-10	5.6919e-10	8.499e-10
1020.6	1.2764e-10	5.7371e-10	8.3996e-10
1026.6	1.2996e-10	5.7166e-10	8.3969e-10
1032.7	1.3274e-10	5.7474e-10	8.3383e-10
1038.7	1.3045e-10	5.6705e-10	8.4381e-10
1044.8	1.3073e-10	5.8857e-10	8.2201e-10
1050.8	1.3363e-10	5.7437e-10	8.3331e-10
1056.9	1.3004e-10	5.749e-10	8.3637e-10
1062.9	1.3152e-10	5.8337e-10	8.2642e-10
1069	1.3216e-10	5.722e-10	8.3695e-10
1075.1	1.3948e-10	5.7814e-10	8.2369e-10
1081.1	1.3418e-10	5.8033e-10	8.268e-10
1087.2	1.3271e-10	5.8588e-10	8.2272e-10
1093.2	1.372e-10	5.7766e-10	8.2645e-10
1099.3	1.3703e-10	5.779e-10	8.2638e-10
1105.3	1.3426e-10	5.8484e-10	8.2221e-10
1111.4	1.3844e-10	5.8822e-10	8.1466e-10
1117.4	1.3406e-10	5.8621e-10	8.2105e-10
1123.5	1.3629e-10	5.8028e-10	8.2474e-10
1129.5	1.4324e-10	5.8726e-10	8.1082e-10
1135.6	1.3975e-10	5.8584e-10	8.1573e-10
1141.6	1.3674e-10	5.8288e-10	8.217e-10
1147.7	1.4201e-10	5.9191e-10	8.0739e-10
1153.7	1.4557e-10	5.9272e-10	8.0302e-10
1159.8	1.4339e-10	5.8685e-10	8.1107e-10
1165.9	1.457e-10	5.9042e-10	8.0519e-10
1171.9	1.4812e-10	6.1325e-10	7.7994e-10
1178	1.4789e-10	5.8957e-10	8.0385e-10
1184	1.442e-10	5.9461e-10	8.0251e-10
1190.1	1.4644e-10	5.8946e-10	8.0541e-10
1196.1	1.4001e-10	5.9585e-10	8.0546e-10
1202.2	1.4359e-10	5.902e-10	8.0752e-10
1208.2	1.4979e-10	6.0005e-10	7.9147e-10
1214.3	1.4851e-10	5.9207e-10	8.0073e-10
1220.4	1.4939e-10	6.0781e-10	7.8412e-10
1226.4	1.4951e-10	5.989e-10	7.9291e-10
1232.5	1.5019e-10	6.0637e-10	7.8475e-10
1238.5	1.5408e-10	6.2403e-10	7.6321e-10
1244.6	1.5144e-10	6.0472e-10	7.8516e-10
1250.6	1.5962e-10	6.2285e-10	7.5885e-10
1256.7	1.566e-10	6.244e-10	7.6031e-10
1262.7	1.5982e-10	6.2266e-10	7.5883e-10
1268.8	1.6192e-10	6.2407e-10	7.5532e-10
1274.8	1.6079e-10	6.2655e-10	7.5397e-10
1280.9	1.5575e-10	6.2588e-10	7.5968e-10
1287	1.5663e-10	6.1041e-10	7.7428e-10
1293	1.5892e-10	6.2978e-10	7.5261e-10
1299.1	1.5968e-10	6.3383e-10	7.478e-10
1305.1	1.5822e-10	6.1211e-10	7.7099e-10
1311.2	1.6737e-10	6.3324e-10	7.407e-10
1317.2	1.6427e-10	6.3565e-10	7.4139e-10
1323.3	1.67e-10	6.3128e-10	7.4304e-10
1329.3	1.7052e-10	6.246e-10	7.4619e-10
1335.4	1.6923e-10	6.3605e-10	7.3603e-10
1341.4	1.716e-10	6.3084e-10	7.3887e-10
1347.5	1.729e-10	6.3816e-10	7.3026e-10
1353.5	1.717e-10	6.1644e-10	7.5318e-10
1359.6	1.6868e-10	6.396e-10	7.3303e-10
1365.6	1.7703e-10	6.3968e-10	7.2461e-10
1371.7	1.7586e-10	6.3716e-10	7.2829e-10
1377.8	1.7396e-10	6.4268e-10	7.2467e-10
1383.8	1.8032e-10	6.3792e-10	7.2307e-10
1389.9	1.7449e-10	6.4589e-10	7.2093e-10
1395.9	1.7559e-10	6.4123e-10	7.245e-10
1402	1.8094e-10	6.3769e-10	7.2268e-10
1408	1.8066e-10	6.4689e-10	7.1377e-10
1414.1	1.823e-10	6.5015e-10	7.0886e-10
1420.1	1.8026e-10	6.4685e-10	7.142e-10
1426.2	1.8822e-10	6.4636e-10	7.0673e-10
1432.2	1.8671e-10	6.4673e-10	7.0787e-10
1438.3	1.8785e-10	6.4356e-10	7.099e-10
1444.3	1.9169e-10	6.4776e-10	7.0186e-10
1450.4	1.8799e-10	6.4747e-10	7.0586e-10
1456.5	1.9688e-10	6.4188e-10	7.0256e-10
1462.5	1.9314e-10	6.4324e-10	7.0493e-10
1468.6	1.9302e-10	6.4381e-10	7.0449e-10
1474.6	1.993e-10	6.4832e-10	6.9369e-10
1480.7	2.0306e-10	6.4379e-10	6.9446e-10
1486.7	2.0266e-10	6.5055e-10	6.881e-10
1492.8	2.0472e-10	6.4777e-10	6.8882e-10
1498.8	2.0658e-10	6.4607e-10	6.8865e-10
1504.9	2.0324e-10	6.5607e-10	6.82e-10
1510.9	2.0452e-10	6.5051e-10	6.8629e-10
1517	2.1019e-10	6.472e-10	6.8392e-10
1523	2.0826e-10	6.4817e-10	6.8489e-10
1529.1	2.0709e-10	6.4837e-10	6.8585e-10
1535.1	2.1725e-10	6.4614e-10	6.7792e-10
1541.2	2.1596e-10	6.5294e-10	6.7241e-10
1547.3	2.1876e-10	6.4285e-10	6.7971e-10
1553.3	2.1987e-10	6.501e-10	6.7134e-10
1559.4	2.2374e-10	6.5687e-10	6.607e-10
1565.4	2.189e-10	6.5103e-10	6.7139e-10
1571.5	2.2739e-10	6.5309e-10	6.6084e-10
1577.5	2.24e-10	6.5096e-10	6.6635e-10
1583.6	2.2796e-10	6.4497e-10	6.6838e-10
1589.6	2.2861e-10	6.5103e-10	6.6167e-10
1595.7	2.3417e-10	6.5167e-10	6.5547e-10
1601.7	2.3444e-10	6.452e-10	6.6167e-10
1607.8	2.3571e-10	6.5282e-10	6.5278e-10
1613.8	2.3766e-10	6.4841e-10	6.5524e-10
1619.9	2.4076e-10	6.4981e-10	6.5075e-10
1625.9	2.4182e-10	6.5315e-10	6.4634e-10
1632	2.4241e-10	6.5094e-10	6.4796e-10
1638.1	2.4079e-10	6.5424e-10	6.4628e-10
1644.1	2.4602e-10	6.4914e-10	6.4615e-10
1650.2	2.496e-10	6.4784e-10	6.4387e-10
1656.2	2.4994e-10	6.5599e-10	6.3538e-10
1662.3	2.5515e-10	6.4607e-10	6.401e-10
1668.3	2.5417e-10	6.5048e-10	6.3666e-10
1674.4	2.5974e-10	6.467e-10	6.3487e-10
1680.4	2.5811e-10	6.5836e-10	6.2485e-10
1686.5	2.5973e-10	6.5403e-10	6.2755e-10
1692.5	2.6341e-10	6.5039e-10	6.2751e-10
1698.6	2.6351e-10	6.512e-10	6.266e-10
1704.6	2.6727e-10	6.4686e-10	6.2719e-10
1710.7	2.6812e-10	6.4893e-10	6.2427e-10
1716.8	2.7269e-10	6.4417e-10	6.2445e-10
1722.8	2.6748e-10	6.5272e-10	6.2112e-10
1728.9	2.7572e-10	6.5059e-10	6.15e-10
1734.9	2.7688e-10	6.5101e-10	6.1342e-10
1741	2.7683e-10	6.5865e-10	6.0583e-10
1747	2.7575e-10	6.5094e-10	6.1462e-10
1753.1	2.8395e-10	6.4883e-10	6.0853e-10
1759.1	2.8127e-10	6.5011e-10	6.0993e-10
1765.2	2.8559e-10	6.5215e-10	6.0358e-10
1771.2	2.8335e-10	6.5622e-10	6.0174e-10
1777.3	2.86e-10	6.5108e-10	6.0424e-10
1783.3	2.927e-10	6.5406e-10	5.9455e-10
1789.4	2.9903e-10	6.537e-10	5.8858e-10
1795.4	2.933e-10	6.5708e-10	5.9093e-10
1801.5	2.9814e-10	6.4944e-10	5.9373e-10
1807.6	2.9744e-10	6.5553e-10	5.8835e-10
1813.6	3.022e-10	6.4712e-10	5.92e-10
1819.7	3.0435e-10	6.5454e-10	5.8242e-10
1825.7	3.0476e-10	6.4727e-10	5.8928e-10
1831.8	3.0241e-10	6.5528e-10	5.8362e-10
1837.8	3.1105e-10	6.4613e-10	5.8413e-10
1843.9	3.0712e-10	6.5412e-10	5.8008e-10
1849.9	3.1199e-10	6.5062e-10	5.7871e-10
1856	3.1224e-10	6.4655e-10	5.8253e-10
1862	3.1317e-10	6.5211e-10	5.7603e-10
1868.1	3.1678e-10	6.5272e-10	5.7182e-10
1874.1	3.1765e-10	6.5129e-10	5.7238e-10
1880.2	3.2811e-10	6.4575e-10	5.6746e-10
1886.3	3.2456e-10	6.4661e-10	5.7014e-10
1892.3	3.2322e-10	6.4981e-10	5.6829e-10
1898.4	3.2637e-10	6.512e-10	5.6374e-10
1904.4	3.3099e-10	6.498e-10	5.6052e-10
1910.5	3.3547e-10	6.4692e-10	5.5892e-10
1916.5	3.3543e-10	6.5064e-10	5.5525e-10
1922.6	3.4188e-10	6.4806e-10	5.5138e-10
1928.6	3.4438e-10	6.431e-10	5.5384e-10
1934.7	3.4122e-10	6.4563e-10	5.5446e-10
1940.7	3.4982e-10	6.413e-10	5.502e-10
1946.8	3.4068e-10	6.496e-10	5.5103e-10
1952.8	3.4405e-10	6.4944e-10	5.4782e-10
1958.9	3.5106e-10	6.4228e-10	5.4798e-10
1964.9	3.5289e-10	6.4335e-10	5.4507e-10
1971	3.5128e-10	6.4463e-10	5.4541e-10
1977.1	3.5434e-10	6.4277e-10	5.442e-10
1983.1	3.597e-10	6.4445e-10	5.3715e-10
1989.2	3.6466e-10	6.3742e-10	5.3923e-10
1995.2	3.6363e-10	6.4488e-10	5.328e-10
2001.3	3.6226e-10	6.4632e-10	5.3273e-10
2007.3	3.6454e-10	6.3962e-10	5.3715e-10
2013.4	3.6859e-10	6.4454e-10	5.2818e-10
2019.4	3.6656e-10	6.439e-10	5.3085e-10
2025.5	3.691e-10	6.4373e-10	5.2849e-10
2031.5	3.7243e-10	6.422e-10	5.2669e-10
2037.6	3.7545e-10	6.4068e-10	5.2519e-10
2043.6	3.7385e-10	6.4491e-10	5.2256e-10
2049.7	3.7045e-10	6.4444e-10	5.2643e-10
2055.8	3.7859e-10	6.4332e-10	5.194e-10
2061.8	3.8435e-10	6.366e-10	5.2036e-10
2067.9	3.8602e-10	6.3345e-10	5.2184e-10
2073.9	3.8317e-10	6.4513e-10	5.1301e-10
2080	3.8674e-10	6.4188e-10	5.1269e-10
2086	3.9147e-10	6.4031e-10	5.0954e-10
2092.1	3.9613e-10	6.3656e-10	5.0863e-10
2098.1	3.9168e-10	6.4605e-10	5.0358e-10
2104.2	3.9526e-10	6.4031e-10	5.0575e-10
2110.2	4.0214e-10	6.3406e-10	5.0511e-10
2116.3	4.0423e-10	6.4236e-10	4.9472e-10
2122.3	4.042e-10	6.4461e-10	4.925e-10
2128.4	4.0617e-10	6.365e-10	4.9865e-10
2134.4	4.1173e-10	6.3121e-10	4.9837e-10
2140.5	4.0553e-10	6.367e-10	4.9908e-10
2146.6	4.1479e-10	6.3159e-10	4.9493e-10
2152.6	4.1703e-10	6.3163e-10	4.9265e-10
2158.7	4.1913e-10	6.3621e-10	4.8597e-10
2164.7	4.1586e-10	6.294e-10	4.9606e-10
2170.8	4.2191e-10	6.3246e-10	4.8695e-10
2176.8	4.1209e-10	6.3989e-10	4.8933e-10
2182.9	4.1849e-10	6.3328e-10	4.8955e-10
2188.9	4.2754e-10	6.3269e-10	4.8108e-10
2195	4.2688e-10	6.3306e-10	4.8137e-10
2201	4.2967e-10	6.3136e-10	4.8029e-10
2207.1	4.3254e-10	6.2843e-10	4.8035e-10
2213.1	4.2925e-10	6.2996e-10	4.8211e-10
2219.2	4.3381e-10	6.2931e-10	4.7819e-10
2225.2	4.3398e-10	6.3201e-10	4.7532e-10
2231.3	4.3955e-10	6.309e-10	4.7086e-10
2237.4	4.3426e-10	6.334e-10	4.7365e-10
2243.4	4.3699e-10	6.3082e-10	4.7351e-10
2249.5	4.4175e-10	6.255e-10	4.7406e-10
2255.5	4.4504e-10	6.2928e-10	4.67e-10
2261.6	4.4485e-10	6.3111e-10	4.6535e-10
2267.6	4.3423e-10	6.3672e-10	4.7037e-10
2273.7	4.426e-10	6.3343e-10	4.6529e-10
2279.7	4.5227e-10	6.2908e-10	4.5996e-10
2285.8	4.5217e-10	6.2928e-10	4.5987e-10
2291.8	4.4461e-10	6.2684e-10	4.6986e-10
2297.9	4.4942e-10	6.3041e-10	4.6148e-10
2303.9	4.5217e-10	6.2749e-10	4.6165e-10
2310	4.5045e-10	6.292e-10	4.6166e-10
2316.1	4.5416e-10	6.2532e-10	4.6183e-10
2322.1	4.56e-10	6.3053e-10	4.5479e-10
2328.2	4.5541e-10	6.2904e-10	4.5687e-10
2334.2	4.5306e-10	6.2845e-10	4.5981e-10
2340.3	4.5829e-10	6.2506e-10	4.5797e-10
2346.3	4.5943e-10	6.2981e-10	4.5207e-10
2352.4	4.5587e-10	6.3166e-10	4.5379e-10
2358.4	4.6565e-10	6.2867e-10	4.47e-10
2364.5	4.5249e-10	6.34e-10	4.5481e-10
2370.5	4.6065e-10	6.2917e-10	4.515e-10
2376.6	4.5763e-10	6.3247e-10	4.5122e-10
2382.6	4.6251e-10	6.2897e-10	4.4984e-10
2388.7	4.6585e-10	6.3105e-10	4.4441e-10
2394.7	4.6849e-10	6.2665e-10	4.4617e-10
2400.8	4.6014e-10	6.354e-10	4.4578e-10
2406.9	4.7189e-10	6.3117e-10	4.3826e-10
2412.9	4.6532e-10	6.2682e-10	4.4918e-10
2419	4.7715e-10	6.2854e-10	4.3563e-10
2425	4.6665e-10	6.2596e-10	4.487e-10
2431.1	4.67e-10	6.3229e-10	4.4202e-10
2437.1	4.737e-10	6.3125e-10	4.3636e-10
2443.2	4.7237e-10	6.3355e-10	4.354e-10
2449.2	4.7378e-10	6.3427e-10	4.3327e-10
2455.3	4.6994e-10	6.3673e-10	4.3464e-10
2461.3	4.7465e-10	6.299e-10	4.3677e-10
2467.4	4.7546e-10	6.2747e-10	4.3839e-10
2473.4	4.735e-10	6.3333e-10	4.3448e-10
2479.5	4.7808e-10	6.2747e-10	4.3576e-10
2485.6	4.7298e-10	6.3289e-10	4.3544e-10
2491.6	4.8306e-10	6.2799e-10	4.3027e-10
2497.7	4.8273e-10	6.252e-10	4.3338e-10
2503.7	4.8394e-10	6.2449e-10	4.3289e-10
2509.8	4.7712e-10	6.3089e-10	4.333e-10
2515.8	4.7979e-10	6.359e-10	4.2562e-10
2521.9	4.8982e-10	6.2657e-10	4.2493e-10
2527.9	4.9046e-10	6.2861e-10	4.2225e-10
2534	4.8865e-10	6.2881e-10	4.2386e-10
2540	4.831e-10	6.3081e-10	4.2741e-10
2546.1	4.8378e-10	6.2945e-10	4.2808e-10
2552.1	4.8471e-10	6.2574e-10	4.3086e-10
2558.2	4.9223e-10	6.2757e-10	4.2151e-10
2564.2	4.9085e-10	6.31e-10	4.1946e-10
2570.3	4.922e-10	6.2776e-10	4.2136e-10
2576.4	4.9026e-10	6.2522e-10	4.2583e-10
2582.4	5.0006e-10	6.2757e-10	4.1369e-10
2588.5	4.9109e-10	6.2374e-10	4.2649e-10
2594.5	4.914e-10	6.3085e-10	4.1906e-10
2600.6	4.9555e-10	6.3077e-10	4.1499e-10
2606.6	4.9244e-10	6.3529e-10	4.1358e-10
2612.7	5.0003e-10	6.2602e-10	4.1526e-10
2618.7	4.9296e-10	6.3535e-10	4.1301e-10
2624.8	4.9595e-10	6.3119e-10	4.1417e-10
2630.8	5.0027e-10	6.2851e-10	4.1254e-10
2636.9	4.9621e-10	6.3216e-10	4.1294e-10
2642.9	4.9947e-10	6.3314e-10	4.087e-10
2649	5.0529e-10	6.2824e-10	4.0778e-10
2655.1	5.0359e-10	6.3045e-10	4.0727e-10
2661.1	5.0673e-10	6.2374e-10	4.1085e-10
2667.2	5.0121e-10	6.2618e-10	4.1392e-10
2673.2	5.1021e-10	6.2529e-10	4.0582e-10
2679.3	5.0445e-10	6.3218e-10	4.0468e-10
2685.3	5.045e-10	6.2987e-10	4.0695e-10
2691.4	5.0965e-10	6.2489e-10	4.0677e-10
2697.4	5.1137e-10	6.2526e-10	4.0468e-10
2703.5	5.0164e-10	6.3726e-10	4.0242e-10
2709.5	5.0995e-10	6.3194e-10	3.9943e-10
2715.6	5.0478e-10	6.285e-10	4.0804e-10
2721.6	5.108e-10	6.2543e-10	4.0509e-10
2727.7	5.0417e-10	6.2837e-10	4.0877e-10
2733.7	5.1339e-10	6.2869e-10	3.9924e-10
2739.8	5.1368e-10	6.2694e-10	4.007e-10
2745.9	5.1339e-10	6.2792e-10	4e-10
2751.9	5.1684e-10	6.2438e-10	4.001e-10
2758	5.0941e-10	6.3216e-10	3.9975e-10
2764	5.1625e-10	6.2932e-10	3.9574e-10
2770.1	5.1792e-10	6.3138e-10	3.9201e-10
2776.1	5.1453e-10	6.2922e-10	3.9757e-10
2782.2	5.1972e-10	6.23e-10	3.986e-10
2788.2	5.3092e-10	6.1882e-10	3.9158e-10
2794.3	5.2506e-10	6.2037e-10	3.9589e-10
2800.3	5.1942e-10	6.2591e-10	3.9598e-10
2806.4	5.2109e-10	6.226e-10	3.9762e-10
2812.4	5.2847e-10	6.2805e-10	3.8479e-10
2818.5	5.3044e-10	6.2309e-10	3.8778e-10
2824.5	5.2075e-10	6.3173e-10	3.8883e-10
2830.6	5.23e-10	6.2949e-10	3.8882e-10
2836.7	5.2772e-10	6.2015e-10	3.9344e-10
2842.7	5.2643e-10	6.2732e-10	3.8756e-10
2848.8	5.2506e-10	6.289e-10	3.8735e-10
2854.8	5.2898e-10	6.2562e-10	3.8671e-10
2860.9	5.2835e-10	6.2711e-10	3.8586e-10
2866.9	5.2919e-10	6.2118e-10	3.9094e-10
2873	5.3888e-10	6.1933e-10	3.831e-10
2879	5.3261e-10	6.2136e-10	3.8734e-10
2885.1	5.2806e-10	6.2423e-10	3.8903e-10
2891.1	5.3659e-10	6.2289e-10	3.8183e-10
2897.2	5.4205e-10	6.2184e-10	3.7743e-10
2903.2	5.3674e-10	6.2362e-10	3.8095e-10
2909.3	5.3129e-10	6.248e-10	3.8522e-10
2915.4	5.3124e-10	6.2698e-10	3.831e-10
2921.4	5.3677e-10	6.2777e-10	3.7677e-10
2927.5	5.4015e-10	6.303e-10	3.7086e-10
2933.5	5.4148e-10	6.2461e-10	3.7522e-10
2939.6	5.3797e-10	6.2398e-10	3.7936e-10
2945.6	5.413e-10	6.205e-10	3.7952e-10
2951.7	5.4155e-10	6.2489e-10	3.7488e-10
2957.7	5.4205e-10	6.2268e-10	3.7659e-10
2963.8	5.4517e-10	6.2674e-10	3.6941e-10
2969.8	5.3998e-10	6.2366e-10	3.7767e-10
2975.9	5.503e-10	6.1879e-10	3.7223e-10
2981.9	5.422e-10	6.2249e-10	3.7662e-10
2988	5.4566e-10	6.2032e-10	3.7533e-10
2994	5.5126e-10	6.183e-10	3.7176e-10
